31308901
137806861
151519933
136495342
260401254
12895150
6939506
235745790
165344817
135497280
245798897
180785146
174515333
105575578
233665122
146533148
155789223
78012496
168057521
212251745
226723381
87755421
11614768
188213257
126107204
84353894
63299707
76065817
35005210
155324913
207621702
213801960
216588710
29777559
209359414
7684929
159473058
262692684
184803525
19485053
74552804
11671337
35756850
216220852
217927334
2416948
217871136
255789527
207026271
96055804
114760234
201305623
6072640
104152273
164826620
116087763
231602421
195740083
94307397
201690612
124666327
238962599
51245829
260152958
42999169
219544265
107734712
243268138
120306709
76593092
221558439
157272378
150517566
10901062
34740864
37487769
70788354
150122845
241909609
235202253
204102746
149798314
93189434
12260288
114723505
40610536
160051527
8936986
111537763
134591280
235649156
181271231
110613201
112805731
126401946
242588953
257675104
223712349
61101359
168002244
246247254
101323874
82173108
199411897
70636428
200747795
14989682
213975406
159259469
262178223
513937456
441767867
356426807
435889743
370917954
409544917
352406218
292423942
270754551
309112296
427355114
387451658
400000568
515530018
410134046
272020126
415522324
476667371
410228793
404158659
428903681
525829203
524872352
524305152
358984856
485560279
332238282
463480569
350322226
483689684
270744728
452456681
413360098
318561885
364319528
454333377
521595367
492067916
378409502
271059425
337739298
324763919
460686762
484238045
358532289
396473729
528433889
438792349
430253413
420687482
412776090
476564284
521035020
406011016
336465781
500037524
282828201
491705402
378469910
337745690
343945052
304089171
298501961
286448565
437116465
337453825
474613995
327254585
364686247
356684277
382697712
524133588
402903176
387346490
480298489
452867620
524688208
425245974
317097466
481928576
289700722
478034944
278722861
328298284
530498337
332266747
498777855
333582337
380390178
452825170
345367817
488663949
389040742
372160268
407487130
471990782
309198986
352118605
468703134
410409116
362575054
532670687
294702566
446340712
500618995
496060027
279121307
296864818
496987742
269455305
434248625
511702304
376696775
395279206
294110990
384370887
470591099
395191308
392035567
269441499
402724285
476152432
305197313
298625209
431530125
424238334
394633073
371653515
445080307
364228443
292218003
439493450
338888227
349517444
396377016
502278610
501772889
608413783
648031325
593209440
628966949
739273302
787689125
646755198
712633416
707900972
610506581
655495366
603570491
572660335
620089367
738393739
791698926
619054080
670752505
777210497
697517720
680466995
771151431
733450906
711645629
596516648
767066248
552910252
586235378
756898536
661955080
617909210
625032171
772634224
786039020
745425660
672139931
570073849
619290070
550245195
803590180
745598381
672655339
765326716
627992392
705178735
719346227
555996657
714880225
738647282
601385643
638422089
774044598
709393583
588219755
711845893
722308541
537322531
629593613
590335820
567304788
733053143
802205056
606199758
553160357
661761151
660260755
695748719
564325577
703550252
780821395
690367769
559412923
669908537
716334470
577721119
559301038
655858698
719885385
632651475
699460007
629580951
653468857
610515433
777720503
624549796
783368689
773319846
628175010
595311775
700108580
659639005
752392753
635723057
740759354
726371154
580508859
776532035
554290595
639806731
672032918
630668849
677870459
551836835
749241872
631704566
654887342
552473415
760313749
733327813
772970071
706043323
620145549
561717987
628974579
696947385
653448035
584522070
695466126
746349249
816504793
927376881
982936783
870304999
931489113
972058108
864101838
861543920
845563290
811742697
952062948
873524565
894429688
833215349
983631232
1025202361
822890674
971899227
813274569
989241887
820097486
951426814
991810562
970925432
928140527
1023457752
927612901
915256189
941804288
959372259
1001089437
1065103347
1069755935
980356727
995706886
1026413172
1063958030
822262753
1051858968
1012502953
841148364
1034949298
1067854537
1065311704
1007277216
1034514499
828388026
945117275
939819581
917679291
1066077374
882160378
826047640
861021529
1043388776
1070575320
1022089158
805750845
937558954
933110196
860516126
856363826
1025125848
887077887
1057467586
1031126086
964445883
873199180
1012836609
1047372230
1038626923
1057418417
1059961392
1017679566
846930885
846811126
959997300
1022963857
855636225
847228022
846942589
820697696
992028066
950390867
831768824
859484420
857489999
990892920
932862805
1025533458
943947738
937370162
1003886058
861109484
962033001
885799630
982906995
968338081
1046741221
1036140794
824272812
1037127827
1046370346
1061730689
889023310
1030313562
932026303
993967636
1000372554
846621268
1021784811
1010528945
1156541311
1197352297
1194953864
1269400345
1265204345
1129566412
1338299903
1239036028
1117142617
1144278049
1302539389
1335939810
1108399133
1152645728
1159126504
1238498975
1251300605
1078898505
1139901473
1315634021
1255387089
1282648517
1135771558
1280321647
1104627320
1102520058
1264095059
1088590929
1204462950
1295166341
1210359230
1308044877
1215828992
1329132132
1266235188
1238433451
1141616123
1312994983
1219407970
1285228803
1081174231
1272796156
1089653713
1242561040
1192707555
1189641420
1120048828
1260596962
1242608871
1297893528
1273911898
1250801051
1158381493
1172755589
1267889617
1336092621
1113502214
1105816538
1232056855
1309383302
1176911339
1304811782
1190668362
1240554602
1137949907
1287726650
1186090427
1175526308
1129033332
1289547083
1096689771
1281830856
1265122572
1131176228
1315209187
1130698570
1277849957
1101513928
1112720089
1204754115
1326247642
1250372660
1151297277
1124311573
1314218592
1143408281
1204275568
1253207671
1280311130
1131359210
1255179496
1335354339
1280631490
1237379106
1319041804
1186452550
1122336502
1131884849
1111783897
1144522534
1140384171
1312630442
1106059478
1275373742
1143565420
1155722603
1100661312
1329202899
1242990414
1341443180
1272469785
1125898166
1287859998
1186631625
1184214676
1276673167
1095966188
1231192378
1307565983
1290127954
1244316436
1303455735
1243439213
1291554097
1328104338
1330573316
1472713772
1344593498
1498617646
1388391520
1609416930
1548233366
1569229319
1433102828
1432114612
1473144499
1464415774
1392740048
1376710096
1529195745
1610009096
1404196430
1520223204
1544617504
1477171086
1579068976
1597322403
1373226339
1528806444
1414829149
1431419378
1548348141
1573363367
1450573621
1374344042
1448703728
1350573792
1520982029
1541027283
1346811304
1411549675
1472576334
1581539847
1389867268
1364090031
1605908234
1370973812
1470503464
1474612398
1566369632
1447395527
1494613809
1603591170
1351797368
1409959707
1504569916
1469262008
1585990363
1605539861
1395132001
1371499335
1396918183
1412277684
1415505362
1545032459
1600028623
1540383425
1583571042
1516266760
1543755628
1404515796
1434433517
1469834480
1527622953
1442767056
1467963980
1369321800
1590079443
1543324175
1452888573
1387036158
1476153274
1534230296
1500474761
1584710872
1344247685
1503885237
1470332230
1372261795
1411328204
1351538838
1455590963
1359512182
1501252995
1566288818
1360613072
1604765403
1505193511
1386418626
1486222841
1353436872
1385414638
1369133068
1411154258
1434322196
1343606041
1487053958
1431742586
1424268979
1388803073
1398295498
1610120708
1562402335
1473442061
1369602725
1469348093
1460082194
1605894427
1503967856
1433925856
1350490026
1597141722
1365180539
1395405988
1582152039
1402961681
1376035216
1426819079
1555319300
1380171691
1407392291
1450956041
1447267604
1476453194
1572276964
1390543436
1402586707
1384095819
1502781485
1510080966
1446648411
1421186592
1435218188
1395235127
1449228397
1417076375
1586903189
1369356619
1414647624
1645933680
1788014411
1801979801
1635905384
1694887981
1664423427
1707746138
1722060048
1795519124
1748349613
1622597487
1739000680
1655035324
1760281935
1820388463
1665947467
1821066341
1751378129
1707056551
1875335927
1747844821
1789376347
1859031535
1682085272
1876855541
1662981775
1653377372
1850952925
1691449121
1745897489
1730418656
1782436839
1726956428
1656478041
1875641891
1760243554
1725138376
1862875639
1869470123
1789366142
1813080153
1858721859
1823089411
1738909364
1799560996
1844400656
1823796891
1679895435
1841585794
1756915666
1687926651
1640170336
1814887559
1681692776
1676902020
1649709015
1717226056
1626276120
1776808932
1804289382
1775473787
1649760491
1749698585
1812282133
1663080927
1815209932
1713258269
1734575197
1660651135
1799878205
1826620482
1714636914
1646478178
1748806354
1867107721
1623380594
1633108116
1797073939
1877565099
1671294891
1787897524
1843993367
1856669178
1827336326
1642548898
1630634993
1784639528
1704365083
1862292121
1708302646
1647149313
1763794426
1745790416
1675518156
1736491297
1782280523
1750003032
1626250261
1662739667
1849552527
1633938700
1858504291
1703964682
1631518148
1617876981
1632621728
1669679261
1857756969
1857962503
1830539035
1671735989
1737518943
1687776786
1630387676
1669475775
1785550550
1615935709
1874799050
1866000080
1780172260
1665204915
1635550269
1780695787
1779289671
1781999753
1766146080
1761250572
1735079295
1738110293
1675575222
2013725217
1936060909
2032894976
2006811971
2045826606
1957747792
2069110698
1973594323
2106914652
1975960377
1886086989
1965421243
1916250773
2113903880
1953443375
1960709858
2001229903
1910300924
2058657198
2060975265
2142757033
1889804309
1900553540
1918502650
1959343767
2059344233
2044897762
1891252714
2001100544
1911165192
2135019592
1908518807
2039723617
2006138721
1979015719
1934392734
2032454153
2064945485
2145174066
1910858269
2004187515
2053999931
1968217461
1889947177
2027907668
2137390357
1973387980
1887658389
2010794582
1982945081
1988714903
2118421992
1998898813
2143124029
1892430638
2038664369
1983614029
2009726311
1983228457
2077211387
2114937731
1909002903
2089018455
2004504233
1947346618
2130794394
1907895020
1909850542
1911759955
2040332870
2086206724
1983690367
1967513925
1943327683
2103318775
2112255762
1986894017
2016764523
1989806366
1894519217
1914544918
1930772756
2073785403
1884167636
1981208323
2000419804
1992576589
2147469840
1931513969
2040651433
1956297538
1954696531
2084420924
1977648521
2002495424
2025187189
2033505235
1892066600
1943003492
1941690359
1927495993
1937477083
1941727087
2025554009
1899058024
2033669085
2114738096
1939964442
2137100236
1884661236
1950955938
1905241080
2037770477
1984210011
1974806402
1896306639
1967681094
2007905770
2077486714
1985433482
1987231010
2030449290
1982275855
